11131 97821 10125 95818 36612 99342 10005 84590 65709 55836 54661 69215 44425 63912 92948 57360 92605 29293 62006 50266 45277  7260 95312 55657 11107 65137 54542 27756 34506 65335 29463 38679 49186 21748 73726 72562 79811 25002 83185 72873 29817 77403 94971 24321 60275 92568 44127 32157 62294 24992 57274 85999 84786 32106 33153 83878 99598 42978 14951 24784 61231 58766 30301 76191 57925 53533 98758 45155 55200 89820 11313 26800 94842 76463 11001 99819 35603 82975 89095 85415
43911 60935 26158 94407 10178 35020 78630 66449 40440 76710 36211 66749 41503 31094 99088 98351 97275 82662 28113 34358 14103 69508 16624 30071 75390 13558 44641 23786 93720 43543  4956 60405 56598 19714 69478 43725 94803 99570 36790 55901 26077 18871 73213 77254 73161 50751 59788 36062 56774 82198 32433 82882 70249 70747 14930  9995 58290 48142 49017 96175 88298 38686 59727 35997 95188   814 38155 13382  7324 90752 11268 85986 84737 38945 43860 62019 55300  6832 23741 36691
75639 63592 79548 37568 20231 67517 16618 98110 80509 29633 93796 80840 96326 29370 16887 50923 28075 82160 55883 46782 89870 72921  3731 66553   347 30697  1445 78105 98612 16665 91686 75975 23725 38605 95149 66593 66989 34969 39664 13450 39885 15614 53411  6995 40347 47826 73816 42214 87592 67547 31793 58926  6006 66971 83564 69627 32461 57034 34849 17721  2632 10249 91607  1814 10285 51859 98146 26173 87241  5793 78449 62354 60047 28227 80243 20369   601 66390 75931 44146
43394  9308 28548 73037 89739 36869 66570 31236 36943 93068 80366  3671  8573 45792 31682 62303 80375 39897 95619 48328 87133 82760 71413 20233 13737 21859 60612 18526 28871 89558 10337 82091 17568 23649 15348 29726 33469 31653 86468 20285 12863 74722 93322 13407 37367 16231 60651 20679  2625  8006 42321 76453 73965 79413 76509 32423  9864 95376 70701 35503 15987 14031 13026 51702 54325 39096 59841 88334 11069 54296 45910 30064 16273 54961 86501 15590 64043 82209 50877 76060
59513 10900 13482 60198 76877  5408  5762 88854 85759 20323 21471 85515 64730 33333 45877 21700 28026 34335 21752 37614 81148 13412 22037 63926 40758 96136 84833 29893 25705 72215 60567   899  7276 45872 12001 76507 73744  6550 95241 80993 42394 32928 88637 81942 32412 11675 14709 63754 98594 80016 27134 61310 58393 46593 63756  1329 56265 78124 73376 16920 15912 49729 94099 47520 55290 42716 14146 17310 63927 91293 95942 30520 66490 64806 87317 63074 53928 29336 49348 49337
76433 53164 59672 22315 20714 43393  6073 16859 68179 81431 87951 51940 17828 76564 33204 72180 80340 26510 91417 83383 57728 77950 99571 37814 35694   438 23417 59113 11352 12857 18171 93217 11577 42471 61638 58718 14896  5466 31970 21536 81042 23516 32402 79870 69394 67238 59177 55596 31665 75256 92522 93663 49226 35110 44361 70171 61123 11318 10358 11102 31257 28057 92719 34733 89757  4690 41463 87624 39363 27325 22558 97635 68504 67717 84631 32708 20387 13489 56949 73179
74736 70522 33325 17154 88151  7260 85557 33097 81355  3533 11345 85660 72762 43767 37118 57257 37460 35770  1229 59214 46954 28959 47172  9594  8375 88097 16899  9066  4119 62699 27933 33046 15100 46537 48181 11574 84086 81964 58772 25766 54480 69896  4775 37848 83402 93601 97435 23683 89900 98807 96695 87414 49075 57179 29761 80491 19127 94352 31999 71224 81754 95042  4736 21116 64360 99591 75015 22105 42412  5911  1076 26231 22085 35699 80837 65772 62226 70426 40935 14868
69019  4437 29266 85937 46031 58810 45646 24253 88014 38165 59530 53283 88379  5808 69538 15787 54685 81882 39934 27095 85626 45137 30600 44517 22272 76874 14865 18276 12745 30474 97428 40276 10014 29678 64583 50343 73482 87123 11713 23575 39045  8049 89467 33672 18559 68335  6968 56716 43965 48979  9591 34538 68943 85997 44661 45334 54086 64677 28600  6065 72293  3368 95984 60744  7317 28966 25282 47777 94812 77753 17778 19311 14482 72747 65181 44459 13129 41649 74153 17159
66668 75688 87749 36599 88282 29970 21304 29739 80656 18900 61045 10999 96586 53067 90520 37827 89406 68711 39786 80992 25458 16637  3333 95241 95077 52336 93376 58104 52057 22182 49452 22735 75495 42210 51875 64771 87967 85239 68043 17963  2650 97849 90538 85284 65255 90372 93346 39873 76917 46168 18892 88215 53888 52606 95906  6966 15723 68423 90110 24967 46564 54208 41269 71871 50637 81531  4599 15420 77806 37697 62171 47862 73081 77468  2979 63059 59805 37863 86047 82996
52570 83630 96258 32432  1959 16817 47968 47242 98201 48401 19558 56107 50605 10327 98851 70660   475 48166 27716 13233 91466 45708 64294  1811 62022 61489 41327 33289 81383 72037 29055 66864 81618 92483  5842 98817 33229 88188 29859 40747 84356 60518 61478 48301 19485  7568 13539 57665 67775  8244 41835 40621 30678 97731 19447 62678 33200 37568 52458 98713 61302 46341 56030 17571 61344 85408 24734  1716 32949 30056 39574  6510 81030 65404 12006 31095 84885 80561 91239  5336
86116 63029 37067 43732 99448 65091 46916 32688 38411 65833 52428 93969 88555 45664 87008 75502 55303 30197 17680 81578 16662 98529 50274 20471 91660 70029 11882 83530 83667 83019 53572 84476 57380 59161 64204 15048   499 75302 47982 54433 66632 94419 50381 65965 74620  6599 84648 88779 93522 44288 15729 18322 74754 58757 48133 55927 80140 80821 21394 35781 72192 33748 35126 66858 48723 65659  1429 70514 57201 97120 67898 63593 32016 90682 48365 13435 17323 29834 53457 42596
36770 16832 86293 12953 68181 56898 94877 20349 57638 30274 75202  3216 73386 75435 18787 22166 19176 79880 92640 12366  2372 96151 22510 86097 85064  3819 87006 51736 87948 15197 41650 42723 34174 58244 47786 37218 89635 27206 20609 29190 26807 72932 68229 49077 55273 91912 51832 71210 87502 28330 66849 37429 78780 68030 39978  4909 29404 59596 20713 79971 24631 95063 31783 81822 91998 27306 27419 47400 36148 68664 84128 31454 96259 52861 89063 61658  7235  8580 50512 69562
84771 39803 21603 71620 69318 51417 85056  7460 70773 93528 90837 34098 27670 31282 55673 84982 30075 61440  1873 10580 29420 39333 47122 37864 44108  2680 79078 95839 61824 66045 84058 52002 82757 50914 45227 59131 14900 37946 22077 12583 92642  8364 83750  3223 68320 62771 95717 50656 71329 84635 45206 99081 26851 13327 38978 54690 68110 89289 56112 94225 27439 32988  3720 84403 24280 64507   842 17400 62094 47507   739 11509  9740 94247 71026 44389 90523 18927 75928 99304
97079 29901 57508 50362  3387  8097 13578 93906 11088 31096 47017 41670 22699 79354 39488  1119 64708 36538 10531 23690 70063 56819 49222 74950 35780  7040 98208 82984 20647 98875 74518 67238 25064 59028 29320 44690 69362 20928 57561 91978 23938 38365 61680 48876 64331 91667 14889  1525 12267 37358 62878 44876 13671 14244 19146 83087 85624  4175  2099 83552 83854 63288 58825 79507 37046  8915  1480 88495 94597 13615 88881 66392  7110 67454 19817 54933 89086 46587 70513 96726
42760 90226 84920  2884 41833 64614 18769 87298 62581 86785 38534 42060 23833 29864 18931  7973 55203 38876 59399  8018 69926 96763 19571 88132 34291 87622 44438 57009 23019 35512 92151 70295 20636 90763 24819 74098 23504  4241 74863 60468 35964 42918  6630 62785 43546 75906 57198 50035 93874 57061 12862  3356 80482 93169 84401 52189 22683 63280 17950 83921 49679  8152 25702 36483 13611 72598 97456 14790  7446  2182 37950 30949 14629 74429 47138 63385 84645 43810 70851 10533
 1239 70384 25863  5865 62414  7778 96120 60064 21237 13428 13502 69148  7955 87080 78210 56325  3570 80948 55015 97370 78060  1243 70522 66113 69331 94205 80987 38269 43932 57799 61455 34788 89668 78335 34132 27335 31314 51543 42743  8876 88266 22498 38633 17015 71654 67153 99175 55954 99191 90517 41581 60609 90596 38558 27392 44738 46360  1464 84401 13304 43448 59521  1777 33553 37843 40514 66199 56384 90297 70643 34698 98845 27942 81184 73906 81388 52989 83349 99161 29488
 5226 44654 35123 30248 69583 61964 74667  7751 24281 69433 94210 42626 49435 43289 63724 69992 28963 26388 95436 33178 38351 12437  1984 80153 38828 21911 79985 13515 86225 99719   514 77611 14979  3629 40132 70550 32739 77982 28112 57098 10970 19805 22561 76514 14575 22904  6523 16151 15760 80668  3096 88447  5049 20576 17799 50383 31074  3741 21695 88517 20055 18992  9974 96094 56033 47512 89079 63187 16340 15120  1935 98258 12282 36406 56337 37920 54228 65125 28885 28398
88724 38024  8575 41656 49183 32607 29508 63957 91551 86554 29621 39923  9583  6639 50066  9602 73173 71093 40509 73162 55002 97776 82470 10597 23621 70901 59201 25142 66375 75212 74270 90651  1624 18281 76473 96767 45989 87323 77330 37919  3510 83161 62321 62497 83542 11323 32705 69025 87969 67424 81437 66191 77598 13465 20150 70313 88363 72053 78144 74461 35705 99818 98915 32098 46546 63158 98765 22782 13003 59358 80084 87425 99385 83480 65061 14392 92564 16470 89664 83428
93794  6055 80739 96910 61398 19236 89819 15100 60260 18947 37398 16530 79606 29391 11803 61311  8210 83570 80983 47146 68242 31265 18733 34760 82068 54073 45687 73347 43582 62402  4113 80400 37150 79715 26692 66088  5922  5730 35970 20446 15230 16929 99408 74582 79893 54785  9761 74154 83237  3359 54467 98078 49448 89753 47180 13381 20360 32818 15196 85127 41329 59511 14497 93923 57106 65124 39391 21356 97404 32091  7143 34448 22631 55232 46660 50472 42685 19741 74964 80212
88260 24781 21646 56321 12415 60317 25601 53990 48511 95673 24915 25324 56916 59184 65432 79009 65912 76650 36551 72269 68262 29160 37654 55770 67961 31476 81723 45064 10752 44991 78811  6321 96321 24169   199 84099  5342 44671 66509 73036 54845  4360 48358 57433 81368 60793 45840 40242 11977 76273  1323 10460 47873 14633 53620  9342  2151 84390 40758 39350 46195  2450 74122  7081 73543 11657 21949 67998 83150 26442 74670 41504 17816 32593 22022 92254 67562 63494 46946 12197
27405 10553 97944 11580 66366 48754 75133  8211 43597 29826 52482 30783 98920 37548 38682 96527 86056 31009 69503 26331 43055   553 65452 62453 49589 84109  4001 82576 43236 41439 52069 94529 70375 16351 84066 63539 16564 49241  9903 53799 98953  9882 63369  8983 43402 42471  2936 18691 79412 99113 53988 68976 59217 12950 69252 27798 73244 96138 24947 34803 69712 65861 50388 81706 26294 32583 11643  9691 36737  9730 75898 25692 83895 77984 67201 30415 48495 97594 22028  2162
88164 46488  8557 87539 73508 56087 76372 35632 74353 54446 49298 33969 80003  2947 97274 28105 28650 64666 90084 80591 42287  8195 48306 28318 16271 20930 26983 78247 20925 15243 53850 79488 58532 74510 33876  6788 27639 31906 78190 39338 93294 29082  3981 98716 94707 70476  3757 11502 95684 42603 38779 21892 31959  7387 61401 96600 93962 90892 25703 11366 30758  6584 64475 45665  2052  2287 76568 10093 16574 71257 28850 39901  6914  7404 49132 65133 16687 66723 55604 75398
10100 64029 25593 62692 87409 91975 30305 54521 74174 49095 17020 43329 11526 90175 85483 12684 43265 57141 71154 57803 34408 89481 34705 51761 50616 57655 59867   721 93434 64231 99003 51460 93624 97362 66388 43437 87506 33868 44684 87233 98996 25776 15335   476 74418  2487 52109 86318 70055 57778 40526 86721 24066 12325 81703 31232 66299 59122 33227 65893 29730 16626 37933 51204 24888 52201 70653 94080 73882 87708 86662 38493 28772 68145 63149 72425  9982 23050 66263 44571
21953 53657 97903 95543 63034 93312 69237 39861 24235 19349  2954 95347 74060 30643 53806 72550 99615 75591 54307 96931  4937 57261 41317 47474 99688 31161 96100 15719 99290 66130 87651 46532 48104 31350 73701 51332 23238 28689 63525 27063 18004  1236 33682 62508 93184 79911 84603 53932 49696 83767 47387 35113 37024 65961 54501 54388 90928 24453 10270 42597 19692 59066 81374 12251 43700 12830 81365 11155 23626 11686 33317 15649 65667 41800 78773 59765 75848 29584 48886 33575
84017 32066 24114 17604 18146 34702 60476 21621 77316 80349 66012 41470 23241 86993 10044 10858 87313 94609 22007 69755 12929 31129 86594 30499 84573 30093 29843 44983 70353 85523  6259 15413 94841 48196  5438 49368 56481 48831 43916 93295 81221 12613 91377 63387 51269 59825 19473 87311 45742 19957 55161 20555 66643 62787 73138 41587 57339 83592 85164 25174 55898 31756 43721 14078 37716 57664 12426 96589 19754 94611 76060 28546 56058 11305 59905 29422 87727 85693 68478 91750
43308 32629 19146 25338 96764 38285 95806 58883 48291 41549 42082  1144 41309 65874  8474 55063  6458 88610 93081 93206 60697   676 49401 88717 18893 73842 17230 49158 99155  5237  2745 37497 91709 97467 79211 68395 31870 61427 75763 16650 16520 28249 33363 79895 56931 77426 10692 20448 99742 73648 51549  7967 47937 67329 51524 85844 69540 66631 13011 42568 21103 57793 66324 87041 49840 38619   504 79157 86427 78515 42532 71333 79097 61626 23150 98604 37215 34705 13014 73078
16209 86959 79990 45814 67550 21464 44327 79478 95497 87724 85257 28367 94371  3166 10363 11119 87145  1832 27623 41651 37731 82491 26397 65807   642 17593 11207 69581 62801 52312 63543 61058 61232 79736 70492 12644 72575 68477 45192 99755 52752 33545 61911 89947 29178 14483 57421 23100 36068 11796 93793 81456 57971 54292 82778 73050 55644 98130  5501 62628 55252 56087 51382 59203 42042 27492 21713 56447 22989 85889  1938 75274 13341 26175 49019 53571 55286 26200 54323 14649
13008 30271 42315 42543 95984 44495 75281 44297 52447 69089  2816 38442  1460 89664 29075 98851 53160 28297  7543  4772 12094 18194 82679 77334 57033 83853 70872 58193 25790 61205 33787 56160 84581 25632 11019 60720 24174 39946 56616 73642 91634 24128 72155 27610 31044 67357 99707 34575 87840 61543 31173 41196 35424 63691 38132 39628 55232 65796 79880 39024 60344 67888 60326 62319 33394 72556 15612 27854 55677 81569 14402 51213 56411 65260 77507 51481 96121 13321   978 63934
57539 47307 17064 32784 88168 67244 71774 37610 68617  9270 78796 71099 74629 27135 44610 45664  4393 53509 21776 33530 43265 68493 44754 99669 40650 12378 16975 71975 17671 44003 92910 32284 77061 53703 24203 17508 52489 82309 69723 74305 58051 67118 78038 46158 13446 47591 52699 46032 37931 51723 73507 58283  2643  6753 40903 52069 96373 63852 93537 22334 43003 72662 58280 89587 56197  5568  5221 43521 73005 94219 25252  9587 50900  2434 67019 53473 99446  9396 63338  1007
19427  5697 95633 45257 26554 38558 44298 56715 32509 11050  1245 13787 74530 85147  3891 40433 92968 40980 80308 76705 92233 41334 51363 63251 16835 22469 28268 87531 63995  9240 22613 65805 50171 41811 33249 32970 85215 89224 76809 98387  8151 13845 87950 42011 19636 89031 38933 51108 26966 94125 93335 56688 41946 28687 34376  8796 56072 50659 73636 81243 70839  4776 47550 91991 72176  2165 54645 38198  8175 28229  1095 13273 11881 30863 89101 83435 56100 21004 99491 98024
88237 37234 47297 85073 72016 17050 32009 89919 69810 98962 33289 17667 63093 48155 93296 45686 95345 92227 45113 52620 37505 16315 49203 50900 86645  2949 14909 27216 26380 35695 28162 81057 63858 66621 13059 96261 20671  6593 69741 19704 99509  2996 55831  1876 84662 20591 49815 73586 95367 31778 47251 65046  4856 30395 20885 86423 66050 11556 55567 90539 90059 99581 40278 88590 10001 50409 73125  3831 75036 87202 53363 27729 20084 67878 61517 48202 52057 70712 38466 88557
65099   103 69446 50335 34174 87525 16241 93974 97141 55591 63304 13784 72858  5003 89848 84785 36072 50170 86489 11070  4930 69273 89286 77054 49590 87869 72447 24748 62187 52715 29178 83961   175 71308  3640 65628 78757 53910 37185  4697 20759  2668 74105 58414 94038 34011 92874 43473 59838 30239 50346 56406 33464 19561 28943 17793 85555 81261 86984 99493 41297 76441 77231 43498 94308 70485 32121 30839 48472 33349 24591 89599 48881  1784 81771 69260 27900 10724  4594 70043
98679  9184 19443  2897 70679 50471  9148 66167 45037 59964 14201 36333 86692 45773 32817 30018 16231  6490 22111 41289 60018 39801 42973  5111 27965 78012 30696 76513 85008 91917 68734 83507 68852 12231 17826 33558 59580 76326 79023 74538 92750 28225 27205 38181 41355 43096 77656 65060 27563 14321 97304 20976 71124 68508  3294  7799 80740 59069 91900 29303 50239 62149  3339 73697 31603 89027 32064 21100 28416 94673 78880 12369 70724 75364 18672 84940 14525  6718 88518 17325
41101 42210 37998 95001 37589  6592 30275  7640 75124 64220 62832 89848 16515 78980  6688  1911 46199 86890 54516 62078 31140 80368 65575  5958 65065 22278 91177  7080 82690 53669 55882 23869 20566 28593   409 19310 64100 79125 83530 53232 89542 13713 40674 98778  7405 72573 89613  4337 63071 64103 93966 72291 73848 41598 95181 23407 49284 62286 96473 70620 34733 17291 11006 91581 85782 32095 48779 21836 72650 34839 85012 95102 71289 75107 45794 64339 55941 91131 64573 91631
13965 29449 78990 85593  3957 42254 93660 49294 49324 13895 31192 65900 40609 99919 44936  6580 31148 44413 12285 50536 57173 18051  7360 75912 57972 10175 56261 52355 84637 75926 15136 36224 29054 44545 81699 67651 65603 31782 28646 62334 43746 27877 82672 55662 56368 91362  7319 47597 88189 83960 77514 44265 10731 91875 84398  9626 21802 50720  4187 20044 65220 15064  2316 10294 68905 83927 35474 97838 83599 67444 75230 42612 22619 84391 98142 23909 98077 76281 35684 73678
60910 81258 72029 87637 66288 14552 91347 37916 36834 64688 93137 95807 48170  4173 72370 94624 69704 30675  9739 93818 16881 71985 70044 90521 30853 57948 85090 62610 74551 78057 13811 93162 85649 58842 62069 24415 38740 96032 25041 71527 88845  7650 53067 41023  2406 30469 60854 61319 61830  6551  1635 99519 85624 85437 15490 99355 87013 47736 79240 62669 11573 31368 52344 97058 84193 18611 91762 53902 73819 16766 36450 12309 91465 25899 64866 94511 66086 41396 66937 25763
12609 94071 75461 53240  2480 54368 50306  6203 78857 70240 21171 74487 12838 36584 92825 79171 12403 14649 39334 52137 50314 97622 90043 86113 68157 82477 74041 40087  2690  7588 78182 58893 76324 63043 54274 97635 39686  8800 91629 23930 18211  3863 50584 81641 33226 38105 97813 45632  4022 23304 19798 38920 52030 73933 72425 90977 53047 74370 48363 43563 95722 27744 51694 96766 51816 99133 76927 68586 58773 49461 77264  7191 43101 89302 31582  1101 84552 31061 24790 60585
 6646 14396 49712 74910 29853 90390 94327 22027  2716 16927 48229 67510 39059 62136 53433 32910 89954 94299 74699 70451 84196 60136 67062 11126 52366 24629 89221 41121   335 64188  9864 90156 19361 63158 11984 35123 99033 19098 60616 45134  7318 31987 35212 15080  7528 96711 93326 90384 50213 42966 29233 36791 68071 34821 55790 74166 22237 29479  2735 54511 56872 99194 63158 89670 24906 95064 26432 94076 12057 89030 76485  5752 95381 33970 78662 39467 21391 17784 43729 77729
39418 68927  8781 77649 13277 62693 82165 40446 91462 29290 96817 88325 45887 64042 20327 61163 81955 29670 29203 64393 33420 66426 75613 77452  4490 32066 79413 43962 17713 26616 12766 93087  6855 55808 62295 46605 56224 16560 30557 49912 40887 15127 65168 29821 10445 59317 81719 50416 67744 25534 10921 28453 38062 88439 95721 13501 61643 51177 12605 64354 54406 58605   557  8949 16688 22974 31302 59228 87848 73745 42156 75293 56632 39012  3490 22759 48002 57943  2659 27130
14607 85068 29973 77577 12442 36556 50078 41638 68006 56998 87377 61687 13503 77946 67137 58557 67989 97451  1365 31274 84541 44806 44391 54109 16760  6987 80088 45650 42577 95191 66592 64897 17141 30913 48802 25731 60814 12018 82936 34895 13364 25252 71463 52981 81467 98054 87700 74140 92052 71115 50774 81044 83001 96983 58894 77301 51947 15570 22048  7467  6514 82536 21879 24345 60522 98690 51930 58833 13967 55647 43126 18680 40873 63865 23321 17586 84464 31354  7272 44679
35251  1739 94466 68892 65782 87465 62351 86345 20741 52201 89859 27399 24569 42417 88555 82997 99996 17778 50490 17634 13099 87121 20860 58169 29747  8036 40098 12218 50089 50556 22843 41718 56444 23861 47747 23471  9305 91656 27328 45628 54659 39320 40411 32687 85990 93863 65777 33712 53595  6268 54583 82667  9817 11700 86512 19262 52112 39686 58996  9709 45801 50232 82926 52779 57436 67623 49918 66603 30844 35946 72556 61791 33467 61047 42998 14881 24848 37585 80997 77908
52823  3211 55002 67049 85042 92992 61851  6693  8391 35993 57934 32790 67905 75537 69977 68042 45007  4751 57441 32735 52657  4264 31170 72944 59560  3346 48442  7711 42233  4538 91194 68575 38932 66316 85114 68163 13196 59562 52810 42801 84538 25409 94344 91571 76759 94487 23482 38836 98473 56756 17349  2548 24908 69852 60977 53328 99689  5067 92271 78616 88468 37895 27645 22320 34988 26020 41530 66009 20621 59838 16222  4310 52304  3433  5702  1419 70224 18365 81621 14107
65503 88083 11775 89670 89686 61856 84575 22880 22965 73463 72500 91633 80451  6975 70319 86864 88611 20302 23902 43243 60780  8391 30591  8452  7447 47607 85442 50049  1233 94281 93982 51521 51891 83932 26388 69714 42608 89804 48699 61432 33194  3486 43506 74933 92835 84408 71979 99730 80760 94308  2980 12825 49548 77007 48088 10910 71766 16259 91043 59697 92910 94484 96604 66693 91111  4012 48047 55046 62220 27947 97453 45506 86335 92414 71493 47778 39814 20723 85174 28908
85522 57192 56251 99579 28814 93943 19438 53542 41006 54779 11831 36185 28633 68476 57228 68745 55986 15455 20787 37450   344 59474 10902  8087 28607 38473 86987 66040 16574 74365  2241  3054 56358 85687 84689 85234 61810 57120 57909  5174 83965   615 85503 15833  9066 41848 37269 28564 92367 22981 73158   986 42305 32777 44529 30903 63622 29930  6452 50788 60126 48080 50918 64746 76698 17501  1034 34636 27512 69611 82523 35048 28273 62007 52017 39342 54826 98578 22684 75050
 9422 60398 99141 42846  3608 16772 37180 84158 33389 57192 53319 67162  4171 92526 76814 97548 33441 87568 36754 50532 47751 74848 76690 26065  8521 24396 72699 11888 62654 54675 59164 93613 71340 21984 12281 48500 94457 57461 13700 67624 93799 63806 46455 55616  6582  1704  9751 99552 66074 62495 87952 42293 29190 20902 73010 49968 52289 21008 53492 79892 32430 78736 83998 44602 37419 66797 16284 63700 38747 28954 73160 50338 44466 25152 70502 11160 59396 17380 73408 49169
29858 34051 51518 64415 35445 58467 62876 96259 23094 27090 73358 51794  1770 57960 28552 91831 50071 82878 28664 74766 25377 68358 26703 67762   866 36562 20129 36568 52034 20839 42609  7762 16868 24683  8107 79399 26999 76158 35311 90295 34564 20396 14102 37527 72986 13192 38996 43722 78006  8928 33422 10036  9255 28414 55277 47591 41459 27555    39 86997 11277 14294 43726 84554 45658 88259 89647 40385 13865 66501  7203 60781 36207 77165 85314 96871  7768 86453 38657 70574
16235 44887 25445 85325 39094 25486 53660 89094 91384 85400 98148 25421  7529 50811 41707 87294 84130 99308  7450 50958 54013 78745 89097 67323 30441 15521 84619 79299 90140 75816 83194 21415 11019 64066 28318 37547  7585 65174 47280 94470 90840 17179 43623 47165 20164 40421 38284 40279 56144 46352 21164 70318 18614  3786 98847 70039  4695 40694 98069 27049 29024 62658 38089 26828  3390 10883 27965 78078 89750  6600 22329 23466 64501 82323  6358 27989  1106 81065 97942 12271
41723 26432 68191 37185 15547 64017 48589 92122 14813 36320 95124 58146 23786 56919 32544 32988 11565 62183 53682 60314 40888 64881 31112 51932 93601 63596 52636 52641 68356 78049 75844 87492 43582 18237 55542 81503 52925 75856 63698  1300 89208 58456 65464 83436 31946 46249 84546 86145 81169 83303  5680  6540 68688 33728  2672 79135 36706 36204 56162 21242 60985 14826 88176 14914 27471  9359 41818 51645 77597 75142 30196 13086 22560 43645 79892 74425 15461 36872  3481 10646
18133 73734 93249   226 63359 20226  6846  2433 40598 84412 74429 77621 65906 64783  5118 50993 97624 41357 34993 11626 62656 46060 60926 63779 43814 16911 75282 99186 27101 94385 37572 67798 42292 17189 46483 81812 29560 92575 99321 51756 55306 82550 23312 37835  5025 80905 23930 47223 50759 66797 63966 57589  7118 98484 51365 38236  7109 13570 52569 21037 90900 76484  1063 72256 76319 33370 75078 51272 65345 14629 14866 18664 36267 73221 82373  9943 27038  6722 96771 60934
89201 14004 49800 91919 61391 29381 53756 46674 53513 29100 67037 85321 63431 67676 41587 51787  1263 30980 12578 63434 86584   799 99781 33457 60491 26471 30034 38382 30087  9401 20241 29807 62507  4023 44460 17566 80199 53001 64945 85911 48610 97372 71663  7198 68039 14921 75465 48642 12921 26744 11466 30356 40615 12356 50313 90615 23109 21936 95033 81608 74824 60014  7201 45343 70373 51848 27014 59908 50170 72975 93364 39033 48556 21664 41525 99415  2735 26789 45658 55993
51324 96098 41461  3566 35819 82739 54282 64434 36555 28135 31068 32682 81069 10838 81365 15007 15101 32432 17199 47770 63773  4040 61629 99554  6324 47432 12708 30671 73403 47903 17454 12554 38931 12215 52959 18931 34019  6710 57630 78540 98244 89325  4734 67563 98438 83614 20467 36589 19808 63537 75350 73538 65481   148 68619   480 41498 41640 32286 41997 10426  9748 55775 20149 81329  1253 41435 42497 11084 52522  7223 74608 15139 47665 51080 27682 82593 83669 44172 41356
42135 31497 28459 28797 52863 36867 60666 93018 39025 77521 32684 70466 63105 12423 20367 41965 68541 43091 25787 14324  3643 44973 89708 49151 22158 64035 43571 66976 86967  4369 56592 91302 52022 32157 22078 75733  3925 95580 65030 88147 67095  5385 66895 67414 43703 59786 83215 90135 68321  5594 63028 29421 96366 36113 77530 39201 33221 82428 80032 38894 61370 65573 44704 89579 99752  4198 73759 46888  9176 53751 16448 55146 27252 38448 23767 12015 35832 54513 80315 55205
 6338 53705 49887 81239 51148 17304 80916 24268  5504 17124 34099 58508 34465 79624 61797    62 59761 55108  1645 29479 69013  5779 10998 89674 63331 30261 47517 89185  8533  7075 22598 36021 42594 41983 31862 65030 15538  7928 89208 91415 94853  2996 54045 50424 21167 82904 16602 24383 49723 51989 76807 61781 69236 85233 13863 58572 23927 27732 26407  7058 84904 48297 49900  4234 35111 25466 99973   285 16541 17203 83370 24269 39664 43405   861 42746  6414 97102 31313 10267
78531  2914 77808 16755 33847 37062 75372 89919  5774 49263  7392 92454 65654 59452 99545 94469 92032 87336 45613 40373 56178 46529 64371 20278 88842 45510 31401 73658 14669 31717 92139 85464  2352  6006 28556 47733 48418  2467 36709  1364  9439 63226 66648 54612 55657 67032 61356 40569 93194 93139 18633 74650 89385 25392   260 43491 73327 89141 60375  6061 84828 22266 99435 70989 66101  6795 99660 74173 70223 48831 86517 99945 26383 11045 95901 50946 35272 87970 22291 60232
 1824 12858  5483 94627 78287 20828 45207 80704 49745 80797 36897 12112  8190 87039 20693 13080 69651 92136 35246 69566 76159 76891 49961 44857 97214 19028 92814 57263 87555  3342 95594 24819 71816 23551 64717 10712 72553 10138 94990  3235 17803 96672 23058 53035 55941 71561 82932 22112 36275 20182 32009 83769 16976 83346 25584 57028 71593 15414 66502  9498 83388  4648 20072 29059 63646  9782  7403 25259 66092 32573 72891 46444 41014  4463 88189 45866 60528  7233 38369 97795
81902 11243 26423 69485  6498 23876 97947 96954 52772 61985  4689 23496 53353 69617 28939 36240 36168 14632 39046 25146 99718 80674 19149  2966 21574 89498 34705 42053 24930  4674 82748 40836  1906 65595 94720 57671 77830 63278 68053 90431 36023 72164 98211 27070 61590 71945 95900 78466 37855 36947 82800 87310 78510  2106 49964 86581 28393 21792 62329 23510 13362 81903 40240 74200 87303 92576 95262 27698 55231  5034 67702 70400 67611 12517  7838 81581 94142 63161 36511 66989
 5254  6197  6429 64535  3847  1624 12560 17909 90388 26093 72627 98604 93929 70861  6982  9448 65599   255 70061 67926  5285  4433 39644 73746 33611  1674 44618  2374 63037 52647 56534 41903 45889 77172 26266 77152 27081 97194 84840 90843 55591 99743 28719 74314 53760 21416 27616 78580 83324  3889 84827 90868 63311  4265 15547 49346 77590 19368 18646 51905 14879 37955 24040 83229   738 27506 43477 12089 53723 58286 36857 79808 89225 97394 31641 21322 20130 85389 44441 29285
53904  8964 80610 62946 57397 56154 58527 59784 11686 55406 78403 57406 79273  6358 26536  1130 48790 91968 62531  7824 52997 11191 28474 97365 19420 51154 78655 36087 23589 96942 74127 80814 95535 49853 37640 20300 55292 14099 61690 35355 17718  2322 45019 87259 37957 42195 47882 78824 75476  8110 14853 81774 91030  2120 38146 25470  5741 84380 45355 17960 73625 27737 12177 59387 25785 35414 69617 26859 93468 85224 59910 38136 48356 98478 50116 99822 93889 92876 93226 20198
94080 99794 56131 40102 70709 50477 43008    23 79232 72167 44983 93600 57564 69624 50162 96627 62390 21052 74854 38352 83732  1571 38085 24438 84591 10880 62666 47031 21892 50857 23286 81369 57089 85780 43484 28559   265 52744 74069 11412 72416 56458 67289 55816 25625 14951 14348 26338 75174 66644 85137  3893 55609 66564 30196 47192  6331 40327 53539 70229  3582  6553 95095 42935 23099 64553 23113 14848  8494 84004 98751 31175 95491  8003 14347 20093 90395 29532 18257 22627
92968 37702 61460 89922 51651 62886 11635 73949 78577 19584  3110 87431 84497 19405 78438 63570 32912 33689 21059 64403 62892  6463 40281 82354 87581 29594 37656 38300 62859  8423 65771 60943 56506  8648 50342 81316 33543 41287 94564 41223 83547 99025 21707 33898 76775 72211 61137 72818 37947 80171 90443 76948 28718 60587 15189 17806 59003 40236 27188 25747 16384 75583 51180 46071 31910 10989 76548 88672 75296 51660 99066 84334 96694 97999 11627 54670 65111 96595 66468 30064
23520 47611 13328 87379 26691 15346 57226 91854 29199 49388 90947 39298 56682 83691 52857 99918 10748 97853 97302 32802 54536  1364 78426 62263 40831 66879 34886 95249 93807   215 20811 15490 20116 27942 80643 85317 15303 74511 11242 24860 32193 12091 81501 93105 19080 28929 25823 13043 99311 84870 40226 50387 52708 65482 74952 44030 18602  5198 31030 79015   597 57990 72570 38366 98018 59869 24135  4291 42514  1959 85093 34631 97327 26276 68349 37662 34009 19855 69592  6627
35720 74537 60792 94402 56137 15231 38565 42517 93904 64922 65499 72726 73148 69746 55679 68228 52826 45864 22774 85689 21702 24079 67106 69956 47510   198 91019 36997  6502 85950 84463 73493 46611 36699 35086 25060 18032 83744 39734 40920 76740 48563 59482 52761 33528 16928 31884 49229 35279 87844 39653  9478 42057 17335 66157 19762 50867 37178  8797 17120 97460 83701 51252 57599 70542 50239 89231 85359 86053 87155 14125 60962 45945 22801 53013 23758 62389 59887 28300 38864
 3583 46169 40917 31406 53947 90499 16065 20906 14209 59297 58479 62970 83890 47569 67721 80015 26659 33883 36180 91811 54284 30703 17023 91544 47490 83848 43632 34889 26035 23334 50907 54458 35839 10153 17261 12262 17284 78430 43467 52624  1997  6436 77576 61580  4822 72398 83029 86444 10303 19572 65009 53515 95696 42991 98043 68721   901  9818 80486 29989 89041 11693 79145 38122 70026  6870 72440 43116 87919  5002 97863 74287 78154 52139 57238 82415 99954 25724 94347 49229
 3776 95539 26522  4906 59626 37551 62155 71751 71395 60028 89967 61644 64219 36638 91243 62865 11016 71146 22929 54853 74629 16109 51504 58126 96553 12619 52148 38648 82364 77813 47593 25784 80459 71118 97645 73002 38280 72328 18157 28554 11402 58417 63229  7002 82330 51573 90944 39028 42576 71887 69339 19591 84755 52951 97312 23282 60871 76880 25509  8591 53056 77521 27895 12941 18267 60053 26479 53788 95395 37068 65989 67882 76769 55324 15219 30840  3426 45240 91254  9636
24359 83332 31380 61639  7628 31189 36052 11740 19766 87772 42638 89099 82416 44776 47888 68770  7804 92896 68886 54124  9934 24368 77188 91632 66887 45549 88096 89117 72504  4636 91397 86770 21998 63100 22695  5730 84915 20808 68572 30046 86246 25281 81357 51971 56853 64485 18737 22869 44247 42643 77643 10907  9529 72934 35411  8510  2223 73587 15912 61343 84577 69959 79339 20738 14900 32978 15109  7302 69795 47614 48158 17761 60286 35011 17409 59039 77146 51570 36437 24806
79345 89577  4928 54306 24906 35335 99364 24378 49854 42145 86132 24705 50098 93697 68688  9847 35252 94215 83178 31855 54810 83095 98902   604 66192 75526 46947 25284 89498 97194 95295 33604 91733 83671 82829  5647 65784 73881 40729 55201 72198 12149  1917 51873 67326 44195 25453 30836 21108 92234 48922 79306 58047 56010 40869 25080 64262 30091 82589 69550 21771 79667 12579 22969 18298 97538 12779 41088 39671 75090 15055 99384 82943 64572 52558 23994 87856 27392 53760 50742
27547 77761 26746 79266 71522 28927 33800 93492 43673 61492 91384 73611 99667 91443 19725 73228 26416 35349 27814 60113 68799  6913 37129 28487 16254 69848 35222 99380 19381 20061 78439 89375  4781 13160 53140 18684 24965 47929 14265  4434 22726 45536 86413 32986 87247 49100 45528 58282 22252 70848 38758 81782 90084 18733 73340 15429 32641 88634   600 69494 69452 23095 71457 59652 29060 12392  3965 47028 13775 90233  5188 22525 84505 16640 69090 56623 31509  7240 43620 16399
84039 59984 53910 98459 84221  7511 52363 49223 78253  6477 44389 86935 77042 48388 82579 47824 66639  1454  3048 10903 53472 73343 86003 74521 49464 52282 57758  3796 13747 46841 75377 63847   388 26564 31619 80698 49462 36983 31098 93739 55486  4656  6090 31764  2678 94468 76799 52114 77612  7711 44994 27356 54581 80658 60712 62607 87301 36026 99193 95101 58064 93868 45491 27975 65250 97814  7066 65791 57731 89412  4284  6279 28325 92241 61010 83583  5786 96241 22752 91993
50630 78688 28135 35622 25281 46228 77287 13842 23753 57297 99370 37093 89604 23614 65203 25116 36542 70817   410 70994 94797 56740 89820 74647 60546 80792 47161 41321 49598 35432 92676 26825 85847 93355 64886 19401  4464 15464 21714 59381 60168 86464 57596 74782 91741  4319 18836 41885 71181 35539 80608 84558 48827  6710 95923 36870 81845   982 23375  4645 60087 82158 59861 77458 60201 48555 44875 81203 62299 98833 84796 19430 54039 23068  4210 37526 48261 77116 77702 59461
49973 69643 76450 62893 36967 70224   149 95270  5891  8831 13616 20231 32327  7747 90724  6672 46831 28148   997 83481 31724 69766  3459 18241 44347 16617 62464 87978 84400 92181 88039 38192 89779 45506 22968 78639 70334 89561 90049 66978 89945 32438 31273 60157  8746 64947 96125 21817  2205 55974  1014 57047 10689 16019 66687 49189 47093 99568 83937 63705 10428 84999 26255 35054 37131 35401 96375 67737 62850 30163  6711   685 40975 99864 29930 35522 35167 86804 17319 81554
24062 44803 26607 46211 78228 95025 52380 55710 44332 95142 91838 64208 30280  5465 72391 24814 31713 54211 88576 91790 35635 55956  9631 12208 65436 58922 53242 29800  1256 19549 36001 64660  4314  8307 95680 99989 74926 96305 19653 28849 26167 74966 39933 97949 78892 47353 21691 86751 85722 64406 21702 52631 82637 73018 42679 97376 47638 46933 29911 52029 69784 46574 88432 66747 39160 52349 10093 62810 62757 98349  8443 28403 47746 46831  6217 58843  1892 88295 65504 55307
70173 12377 11167 99758 45576 76420 47735  9749 77637  7992 92551 67643 81198 53671 95729 64516 46753  4932 98275  1061 72159 42909  2936 12011 71700 88939 65162 63657 33552 47454 30487 41998 94233 37823 55531 44760 68051  6401 14377 60047 11267 41915  6628 87219  5756 82172  2838 28534 27761  4153 46886 20194 28291 25631 32691 13025 60129 45290 24576 62820 97782 78757 97723 55748 90493 83392 10830 25493 34485 61792 32289 96441 79458 20142  2525 51387  7237 96946 68595 56538
70288 11141 42750 10244 69387 41675  9254 15116 45623 69057 37945 23585 46965 69216 10147  1243 46446 60020 38132 49644 12647 71640 75142 33161 27961 82651 48238 63833 81552 25671 81880 71841 62768 93929 46368 88367  7337 45781 84752 50652 47688 22041 13524 91735 34986 32398 90487 80198 87996 46180 11352 58705 39233 57368 51208 73456 17896 56375  7581 99790 12452 39438 55339 21163  1074 62803 88835 55236 61102 79467 73700 64023 87681 13562 91273 43236 62466 16091 95971 72077
75614 93084 64607 19320 16910 53279 49138 13084 43778 53980  4083 87505 26996 61073 98664  7908  9057 15605 11347 95023 85690 81162 95507 24193  2585 45117  2704 79045 29108 54910 21063 82779 77948 96668 36953 10274 47485 67014 24163 86498 29781 22261 14025 97727 40244 44603 23688 23573 21168 25604 96905 33841 90509 83259 24718 57474 87276 92649 85435 68198  2659 57167 53502 76652 80477 62546 50905 66401 79772 19764 80030 96931 87072 83283 81890 11495 14170 71024 72008 72987
42928 75937 94444 90519 31482 28037 74308 93432 11621  8542 84602 17474 44967 20105 77241 16230 98107 75119 47498 32025 70039 76588 85120 74559 45719 37331 37496 31655 96812  3841 59792 29928 27035 34727 48829 49322 89922 49898 83713 67379 83568 35770 98153 84987 28774   147 38858 37671 59331 16359 32152 82700 28049 89981  5625 59404 92876 93125 53308 81346 61700 49367 44219 46980 11697 67355 84169 41124 34514 82507 21596 42002 43065 14453 87531 24029 15760 77298 32698 85760
52746 29922 20101 80740 36861 14133 11458 94523 43374 90709 65436 93257 73085 95125 73092 12254 58702  5281 36890  6491 79577 27590 63501 73157 90686 69670 18169 16184 52989 64026 30614 39420 50447 40977 61937 36141 51603 82384 54268 19464 39538 16594 90144 60614 66814 55471 82567 69459 90522 63949 34893 33865 12821 73945 48900 86801 90949 75173 25017 54883 93230 79363 53037 59058 93533 68625 94118 95226 92356 66025 32732 40472 89944 97943 76693 16054 28288 94894 36864  9812
30637 34295 19751 74798  8531 59750 42989 11574 98835 88461 26766 21652 98167 60803 58715 11916 38091 16399 44866 87573  2738 97348 46147  7236  9827 81065 35258 12739 38471 51229 41559 28599 41042 81357 63907 37786 95037 86986 74150  7781 13042 63664 80135 33079 23184 39101 37888 24463 20712 29498 55151 72540 90412 55609 13995 65542 57752  3424 84816 71680 98239 12335 70832 58291 81409 16301 24295 19369 27190 85516   977 58247 35964 84773 94708 46926 70671 19886 54625 91428
 2635 64944 25364 58746 77789 67048 70851 35042 60980 90955 37622 99447 31741 15165  3720  4603 90669 49717 47729  9436 67063 25251 93146 48795 83942 64974 22268 38626 88033 55603 61304  1555 46200 68138 90624 45593 73417 34248  5410 51266 93682 12266 10515 45048 13610 80665 27466  6984 23608 43964 84960 12858 91868  2864 49830  7421 22046 15535 60577 65555 49497 24007 67693 85191 85358 40582 64420  4216  3830 24765 20765 13078 94437 62565 24193 62334 47641 74985 78921 22026
35220 12188 21618 26762 55915 56537 98362 68453 60547 54702 91795 99254 63757 69769 92837 92797 77046 56939 15692 75554 98495 51345 20102 72788 35570 29447 55052 57139 92895 96344 67290 43704 98421 77117 86081 42090 25612 52648 52229 20274 93992 78309  4431 48442 25413 52786 13010 63228 66451 29776  4181 69603 89854 57343 39051 72009 87622 38348 78205 55553 95278 96959 69750 93155 49827 93096 48969 50931 11126 13181 88490 72350 85397 53222 93148 37974  7437 70469 14096 14358
84507 21911 56290 40576 97376 61525 67934 28648 49010 54397 94581 29645  9352 76244 89701 31707   994 85134 32527 35189 86289 63020  1294 67928 23899 51182 53285 52720 27437  2074   550 99868 53854 35746 21847 67103 67254 51516 77856 77900 41076 30621 80218 81002 96411 97243 40338 33485 88004 39421 67082 92811 10102 84720 48649 98023 93573 13451 48970 20723 21318 50849 88706 83046 71882 10483 14805  7174 19128 45361 49438 16878 62810 38383 83584 37474 87810 73111  9548 97456
